0.999993 -0.00334066 -0.00149868 0.685348 0.0033368 0.999991 -0.002572 -0.00100686 0.00150726 0.00256699 0.999996 0.0109633
0.999969 -0.00727367 -0.00298082 1.3903 0.00726933 0.999973 -0.00146478 0.00961559 0.00299139 0.00144307 0.999994 0.0164199
0.999926 -0.0113435 -0.00432633 2.11121 0.0113389 0.999935 -0.00109798 0.0162611 0.0043385 0.00104884 0.99999 0.0185989
0.999859 -0.0160305 -0.0050219 2.8512 0.0160328 0.999871 0.000431245 0.0402329 0.00501434 -0.000511699 0.999987 0.0222297
0.999777 -0.0205175 -0.0050945 3.59469 0.0205151 0.999789 -0.000526249 0.0576757 0.00510423 0.000421617 0.999987 0.0298069
0.999666 -0.0251656 -0.0059513 4.35096 0.0251693 0.999683 0.00054801 0.0885182 0.00593562 -0.000697617 0.999982 0.0419261
0.999531 -0.0299144 -0.00657852 5.13108 0.0299391 0.999545 0.00369592 0.120106 0.00646496 -0.00389114 0.999972 0.0537263
0.999391 -0.0344143 -0.00568102 5.92827 0.0344473 0.99939 0.00581256 0.154563 0.00547752 -0.00600472 0.999967 0.0567192
0.999243 -0.0387677 -0.0030839 6.7329 0.0387851 0.999231 0.00579065 0.191011 0.00285703 -0.00590588 0.999978 0.0671633
0.999095 -0.0425167 -0.000805859 7.54567 0.0425198 0.999086 0.00432526 0.225071 0.000621227 -0.00435561 0.99999 0.0758856
0.998982 -0.0450949 -0.000761823 8.35816 0.0450979 0.998972 0.0045741 0.269607 0.000554771 -0.00460381 0.999989 0.0840629
0.998884 -0.0472198 -0.00137936 9.18364 0.0472254 0.998875 0.00434805 0.314285 0.00117249 -0.00440833 0.99999 0.0845184
0.998797 -0.0490054 -0.00146646 10.011 0.0490088 0.998795 0.00239566 0.352854 0.00134729 -0.00246465 0.999996 0.0972747
0.998693 -0.0511125 -0.000782462 10.8553 0.0511143 0.99869 0.00248898 0.399527 0.000654219 -0.00252572 0.999997 0.0997409
0.998626 -0.0523887 -0.000771439 11.718 0.0523887 0.998627 -5.71426e-05 0.440888 0.000773373 1.66495e-05 1 0.107441
0.998531 -0.0541165 -0.00259162 12.5807 0.0541182 0.998534 0.000613318 0.498613 0.00255463 -0.000752671 0.999996 0.113227
0.998446 -0.0554776 -0.00530347 13.454 0.0554875 0.998458 0.00173906 0.557603 0.00519881 -0.00203064 0.999984 0.123053
0.998333 -0.0573054 -0.00682105 14.3329 0.0573454 0.998337 0.00581459 0.615301 0.00647651 -0.00619605 0.99996 0.132565
0.998269 -0.058408 -0.00684498 15.2121 0.0584607 0.998259 0.00777431 0.670569 0.00637899 -0.00816102 0.999946 0.137674
0.998197 -0.0597836 -0.00533086 16.1297 0.0598231 0.99818 0.00758981 0.726249 0.00486741 -0.00789503 0.999957 0.145184
0.998116 -0.0612185 -0.00409015 17.0234 0.061249 0.998092 0.0078121 0.786606 0.0036041 -0.0080479 0.999961 0.158913
0.998054 -0.0622497 -0.0035692 17.9329 0.062275 0.998031 0.00747981 0.84607 0.00309655 -0.00768753 0.999966 0.172878
0.997953 -0.0637999 -0.00431019 18.8432 0.0638268 0.99794 0.00643904 0.915882 0.0038905 -0.00670096 0.99997 0.178177
0.997885 -0.0648371 -0.00470612 19.7593 0.0648641 0.997877 0.0058349 0.975012 0.00431781 -0.00612782 0.999972 0.18779
0.997844 -0.0655535 -0.00316052 20.6822 0.0655741 0.997824 0.00690152 1.03263 0.00270122 -0.00709389 0.999971 0.199646
0.997838 -0.0657269 8.78318e-05 21.6114 0.0657236 0.997798 0.00887812 1.10269 -0.000671171 -0.00885315 0.999961 0.207013
0.99788 -0.0649773 0.00372599 22.5494 0.0649399 0.997845 0.0094099 1.16804 -0.00432938 -0.00914798 0.999949 0.2083
0.997954 -0.0635673 0.00681326 23.4818 0.063506 0.997942 0.00885785 1.22985 -0.00736231 -0.00840705 0.999938 0.208806
0.998054 -0.0618685 0.00780624 24.4322 0.0618249 0.998071 0.00571316 1.29544 -0.00814464 -0.00521942 0.999953 0.207332
0.998167 -0.0602636 0.00556681 25.3755 0.0602418 0.998176 0.00401555 1.35642 -0.00579864 -0.00367283 0.999976 0.205498
0.998244 -0.0592211 0.00146499 26.3362 0.0592152 0.998238 0.00377724 1.42505 -0.0016861 -0.00368386 0.999992 0.21189
0.998322 -0.0578892 -0.0016875 27.2888 0.057897 0.99831 0.00498192 1.48338 0.00139625 -0.00507126 0.999986 0.216771
0.998367 -0.0571172 -0.00120088 28.2653 0.0571244 0.998341 0.00715059 1.54094 0.000790467 -0.00720751 0.999974 0.232177
0.998376 -0.0568771 0.00317793 29.2382 0.0568524 0.998355 0.00736763 1.60148 -0.00359176 -0.007175 0.999968 0.234621
0.998307 -0.057735 0.0070993 30.2216 0.0577212 0.99833 0.00212931 1.65832 -0.00721039 -0.00171593 0.999973 0.2326
0.998245 -0.0587282 0.00757357 31.1977 0.0587917 0.998234 -0.0084557 1.70219 -0.00706361 0.00888613 0.999936 0.234456
0.998175 -0.0602076 0.00465174 32.1758 0.0602572 0.998118 -0.0113724 1.75928 -0.00395828 0.0116319 0.999925 0.239726
0.998084 -0.0618554 0.00117977 33.1595 0.0618645 0.998027 -0.0107194 1.82363 -0.000514385 0.0107719 0.999942 0.25114
0.997973 -0.0636416 -0.000182933 34.1486 0.0636385 0.997946 -0.00734305 1.89198 0.000649881 0.00731652 0.999973 0.250103
0.997917 -0.0645034 0.000802699 35.1514 0.0645071 0.997899 -0.00609213 1.95616 -0.00040805 0.00613122 0.999981 0.264327
0.997828 -0.0657832 0.00329715 36.1554 0.0657958 0.997826 -0.00387141 2.03383 -0.00303531 0.00407994 0.999987 0.268478
0.997751 -0.0668506 0.00481379 37.1469 0.0668576 0.997762 -0.00131672 2.10963 -0.00471499 0.00163559 0.999988 0.277125
0.997677 -0.0677562 0.00711008 38.1503 0.0677683 0.9977 -0.00147013 2.18744 -0.00699412 0.00194855 0.999974 0.273846
0.997641 -0.06789 0.0101698 39.1584 0.0679009 0.997692 -0.000726647 2.24843 -0.010097 0.00141547 0.999948 0.284935
0.997565 -0.0685885 0.0126106 40.162 0.0685656 0.997644 0.00224515 2.33618 -0.0127349 -0.00137503 0.999918 0.280213
0.997576 -0.0684626 0.0124353 41.1552 0.0684337 0.997652 0.00273385 2.40544 -0.0125932 -0.00187623 0.999919 0.274744
0.997586 -0.0684806 0.0115157 42.1455 0.0684786 0.997652 0.000569558 2.47632 -0.0115277 0.000220398 0.999934 0.273159
0.997621 -0.0683321 0.00912865 43.1405 0.0683029 0.997659 0.00347976 2.55486 -0.00934505 -0.00284797 0.999952 0.276381
0.997555 -0.0693565 0.00863089 44.1379 0.0693089 0.997579 0.00570083 2.62961 -0.00900539 -0.00508869 0.999946 0.278809
0.997452 -0.0706494 0.00994745 45.1336 0.0706299 0.9975 0.00230416 2.69668 -0.0100854 -0.0015957 0.999948 0.274203
0.997384 -0.071467 0.0108318 46.1227 0.0714377 0.99744 0.00307073 2.77079 -0.0110236 -0.0022889 0.999937 0.271988
0.997389 -0.0716527 0.00899755 47.1086 0.0716351 0.997428 0.00226748 2.84538 -0.00913688 -0.00161702 0.999957 0.284706
0.997368 -0.0723821 0.00426565 48.0739 0.072362 0.997367 0.00469079 2.92495 -0.00459395 -0.00436977 0.99998 0.279593
0.997343 -0.0728075 0.00263142 49.05 0.0727899 0.997328 0.00623891 3.00443 -0.00307863 -0.00603079 0.999977 0.289003
0.997306 -0.0731773 0.00503433 50.0273 0.0731423 0.997298 0.00682409 3.07576 -0.00552009 -0.00643748 0.999964 0.282585
0.997276 -0.0732252 0.00891809 51.0017 0.073199 0.997312 0.0032384 3.1484 -0.00913125 -0.00257679 0.999955 0.294784
0.997249 -0.0734716 0.00981924 51.9634 0.0734448 0.997295 0.00306366 3.22144 -0.0100178 -0.00233406 0.999947 0.295513
0.997241 -0.0736248 0.00946893 52.9295 0.0736327 0.997285 -0.000480729 3.29177 -0.00940783 0.00117662 0.999955 0.301303
0.997216 -0.0740819 0.00851434 53.8934 0.074113 0.997244 -0.00340128 3.3585 -0.0082389 0.00402284 0.999958 0.311237
0.997142 -0.0749708 0.00934456 54.8463 0.0750124 0.997174 -0.00418372 3.4318 -0.00900449 0.00487272 0.999948 0.309817
0.99704 -0.0757978 0.0129092 55.8006 0.075878 0.9971 -0.00583662 3.50412 -0.0124293 0.00679887 0.9999 0.303959
0.996889 -0.0766394 0.018432 56.7712 0.0767939 0.997016 -0.00782371 3.56786 -0.0177774 0.00921482 0.999799 0.311674
0.996786 -0.0773126 0.0210043 57.7205 0.0774873 0.996964 -0.00763049 3.65006 -0.0203506 0.00923353 0.99975 0.301915
0.996742 -0.0785036 0.0185311 58.6607 0.0786663 0.996867 -0.00822245 3.73038 -0.0178275 0.00965342 0.999794 0.29955
0.996722 -0.0800285 0.0118389 59.5954 0.0801162 0.99676 -0.00712607 3.81415 -0.0112302 0.0080512 0.999905 0.300324
0.996706 -0.0808566 0.00619548 60.5117 0.0808853 0.996713 -0.00452336 3.88961 -0.00580937 0.00500959 0.999971 0.306164
0.996634 -0.0817951 0.00555814 61.4255 0.081788 0.996649 0.00148814 3.98219 -0.00566123 -0.00102854 0.999983 0.298033
0.996556 -0.0825758 0.00753797 62.326 0.0825422 0.996577 0.00466059 4.06445 -0.00789702 -0.00402234 0.999961 0.302914
0.996452 -0.0836848 0.00900461 63.2086 0.0836411 0.996483 0.00513161 4.14719 -0.00940237 -0.00436025 0.999946 0.309069
0.996353 -0.0848498 0.00900767 64.0872 0.0848023 0.996382 0.00553271 4.2266 -0.00944453 -0.00474866 0.999944 0.314466
0.99622 -0.0863481 0.0095141 64.9373 0.0862839 0.996246 0.00696651 4.30465 -0.0100799 -0.00611926 0.999931 0.315361
0.9961 -0.0876538 0.0101005 65.7813 0.0875796 0.996129 0.00756556 4.38501 -0.0107245 -0.00665145 0.99992 0.321796
0.99597 -0.0890703 0.0104514 66.6115 0.0889893 0.996001 0.00797701 4.46432 -0.0111201 -0.0070148 0.999914 0.326976
0.995843 -0.0903436 0.0115719 67.4229 0.0902473 0.995882 0.00859475 4.5408 -0.0123007 -0.00751469 0.999896 0.329572
0.995698 -0.0916411 0.0137012 68.2301 0.0914843 0.995738 0.0116659 4.622 -0.0147119 -0.0103623 0.999838 0.333773
0.995524 -0.0929388 0.0171505 69.0285 0.0927015 0.995593 0.0141511 4.6995 -0.0183901 -0.0124978 0.999753 0.325249
0.995328 -0.0945962 0.0193537 69.8037 0.0943326 0.995441 0.014109 4.78121 -0.0206001 -0.0122174 0.999713 0.321714
0.99524 -0.0960064 0.0167522 70.5555 0.0957726 0.995301 0.0142425 4.86208 -0.0180409 -0.0125703 0.999758 0.335102
0.995225 -0.0971279 0.0096979 71.28 0.096986 0.995185 0.0141707 4.93789 -0.0110276 -0.0131625 0.999853 0.331622
0.99514 -0.0984021 0.00372088 71.9923 0.0983433 0.99506 0.013597 5.01316 -0.00504048 -0.013165 0.999901 0.336692
0.995099 -0.0988719 0.00166143 72.684 0.0988294 0.994958 0.0170716 5.08647 -0.00334096 -0.0168237 0.999853 0.335222
0.99502 -0.0995884 0.00413333 73.3681 0.0994814 0.994819 0.0209362 5.16325 -0.00619692 -0.0204207 0.999772 0.339999
0.994877 -0.100885 0.00651601 74.0247 0.100746 0.994732 0.0189563 5.24013 -0.00839408 -0.0182027 0.999799 0.344685
0.994809 -0.10166 0.00458288 74.6603 0.101576 0.994701 0.0158971 5.29889 -0.0061747 -0.0153491 0.999863 0.354425
0.994824 -0.101608 0.000489256 75.2758 0.1016 0.994788 0.00867626 5.35052 -0.00136828 -0.00858165 0.999962 0.365463
0.994924 -0.100566 -0.00367853 75.873 0.100582 0.99492 0.00429335 5.41325 0.00322808 -0.00464155 0.999984 0.375764
0.9952 -0.0977572 -0.00456663 76.4621 0.0977887 0.99518 0.00728994 5.47743 0.00383198 -0.00770151 0.999963 0.383969
0.995606 -0.0936055 -0.00245703 77.0265 0.0936285 0.995534 0.0120854 5.54568 0.00131479 -0.0122624 0.999924 0.383657
0.99603 -0.0890205 0.000545228 77.5805 0.089009 0.995969 0.0110932 5.59157 -0.00153055 -0.0110006 0.999938 0.387484
0.996499 -0.0834515 0.00501001 78.1264 0.083407 0.996479 0.00851518 5.63381 -0.00570297 -0.00806751 0.999951 0.393434
0.997091 -0.0756818 0.00899419 78.6498 0.075647 0.997126 0.00415188 5.66442 -0.00928257 -0.00345942 0.999951 0.405048
0.997819 -0.0653115 0.0095419 79.1668 0.0652526 0.997849 0.00636187 5.70034 -0.00993688 -0.00572537 0.999934 0.422118
0.998665 -0.0508052 0.00933093 79.6694 0.050703 0.998655 0.0108747 5.72976 -0.00987086 -0.0103871 0.999897 0.427472
0.99941 -0.0329359 0.00973811 80.1483 0.0327786 0.999336 0.0158856 5.74854 -0.0102549 -0.0155571 0.999826 0.42174
0.999878 -0.0114109 0.0106803 80.6205 0.0112523 0.999827 0.014795 5.73985 -0.0108472 -0.014673 0.999834 0.415324
0.99982 0.0145367 0.0122054 81.0753 -0.014686 0.999817 0.0122378 5.7203 -0.0120253 -0.0124148 0.999851 0.420342
0.998933 0.0439085 0.0142919 81.5203 -0.0440693 0.998966 0.0111382 5.68658 -0.0137881 -0.0117561 0.999836 0.429384
0.996935 0.0764758 0.0165094 81.9569 -0.0766592 0.996999 0.0107811 5.63949 -0.0156353 -0.0120136 0.999806 0.432898
0.993373 0.113601 0.0174514 82.378 -0.113796 0.993447 0.0106141 5.58609 -0.0161313 -0.0125297 0.999791 0.43404
0.987766 0.154827 0.0186116 82.7961 -0.15504 0.987852 0.0105785 5.51602 -0.0167477 -0.0133346 0.999771 0.432916
0.979679 0.199666 0.0190641 83.1981 -0.199889 0.979761 0.0106504 5.42194 -0.0165517 -0.0142446 0.999762 0.431841
0.968435 0.248583 0.0184657 83.579 -0.248826 0.96847 0.0122808 5.32364 -0.0148307 -0.0164879 0.999754 0.430357
0.953554 0.30074 0.0170512 83.9563 -0.300969 0.953546 0.012921 5.19403 -0.0123732 -0.0174528 0.999771 0.430771
0.934382 0.355906 0.0161234 84.3181 -0.356119 0.934349 0.0130897 5.04147 -0.0104062 -0.0179726 0.999784 0.431316
0.910881 0.412375 0.0155551 84.6599 -0.412577 0.910825 0.0133416 4.86358 -0.00866626 -0.0185703 0.99979 0.432207
0.882839 0.469451 0.0145081 84.9862 -0.469633 0.882751 0.0139632 4.66665 -0.00625199 -0.0191408 0.999797 0.419294
0.850474 0.525857 0.0130202 85.2994 -0.525998 0.850395 0.0124126 4.43865 -0.00454504 -0.0174052 0.999838 0.426401
0.814635 0.579832 0.0128379 85.5942 -0.579963 0.814558 0.0117628 4.19428 -0.00363677 -0.017028 0.999848 0.433502
0.775751 0.630879 0.014185 85.8781 -0.631023 0.775695 0.0103807 3.93467 -0.00445422 -0.0170039 0.999846 0.447428
0.734033 0.678905 0.0168579 86.1448 -0.679087 0.733999 0.0093081 3.66525 -0.00605439 -0.0182805 0.999815 0.447211
0.689808 0.72379 0.0171349 86.394 -0.723969 0.689784 0.0081798 3.37319 -0.0058989 -0.0180476 0.99982 0.440866
0.644142 0.76477 0.014458 86.6199 -0.764894 0.644123 0.00654603 3.05917 -0.00430655 -0.0152754 0.999874 0.435655
0.598012 0.80141 0.011085 86.8292 -0.801478 0.598014 0.00354806 2.72885 -0.00378555 -0.0110062 0.999932 0.448693
0.551906 0.833814 0.0123661 87.0223 -0.833899 0.5519 0.00423452 2.40459 -0.00329403 -0.0126491 0.999915 0.469571
0.505328 0.862798 0.0149445 87.2043 -0.862925 0.50529 0.00648431 2.07007 -0.00195666 -0.0161727 0.999867 0.474866
0.46003 0.887772 0.0152784 87.3725 -0.887903 0.459957 0.00820305 1.72795 0.000255038 -0.0173394 0.99985 0.469505
0.417722 0.908528 0.00924452 87.5226 -0.908572 0.417672 0.00691052 1.36925 0.00241722 -0.011286 0.999933 0.438118
0.377502 0.926007 -0.0015275 87.6383 -0.926008 0.377503 -7.03679e-05 0.998201 0.000511475 0.00144105 0.999999 0.445477
0.341385 0.939907 -0.00558336 87.7565 -0.939918 0.341357 -0.0054269 0.63856 -0.00319486 0.00710057 0.99997 0.471636
0.307839 0.951431 -0.00376826 87.8702 -0.951437 0.307828 -0.00324375 0.276326 -0.00192623 0.00458381 0.999988 0.504466
0.276646 0.96096 0.00478219 87.9947 -0.96097 0.276631 0.00348481 -0.097788 0.00202586 -0.0055596 0.999982 0.51586
0.247854 0.968753 0.00925482 88.1027 -0.968778 0.247778 0.00866955 -0.475102 0.00610551 -0.0111146 0.99992 0.506868
0.222028 0.975006 0.00815174 88.1843 -0.975003 0.221939 0.0105772 -0.87257 0.0085036 -0.0102964 0.999911 0.500551
0.198113 0.980179 0.00111527 88.2581 -0.980117 0.198087 0.011501 -1.27867 0.0110521 -0.00337159 0.999933 0.494871
0.177128 0.984161 -0.00725171 88.3174 -0.984034 0.177226 0.0163426 -1.68317 0.017369 0.00424119 0.99984 0.507102
0.157396 0.987487 -0.00981246 88.3783 -0.987239 0.157585 0.0229559 -2.11173 0.0242149 0.00607407 0.999688 0.509074
0.139534 0.990201 -0.00575352 88.4436 -0.989896 0.139634 0.0246692 -2.55178 0.0252308 0.00225319 0.999679 0.521467
0.124056 0.992273 -0.00194096 88.5066 -0.992059 0.124069 0.0206317 -3.01059 0.0207131 -0.000633932 0.999785 0.526947
0.109521 0.993983 -0.00173366 88.5551 -0.993831 0.109535 0.017404 -3.47516 0.0174892 -0.000183147 0.999847 0.53997
0.096472 0.995332 -0.00286561 88.5991 -0.995217 0.0965045 0.015188 -3.95983 0.0153936 0.00138669 0.999881 0.550446
0.085037 0.996352 -0.00722084 88.6242 -0.996272 0.0851315 0.0139834 -4.45113 0.0145471 0.00600481 0.999876 0.559908
0.0748875 0.997139 -0.0102979 88.651 -0.99708 0.0750299 0.0142235 -4.97025 0.0149554 0.0092027 0.999846 0.571638
0.0669609 0.997678 -0.0124109 88.6846 -0.997636 0.0671404 0.0146567 -5.5022 0.0154559 0.0114001 0.999816 0.583174
0.0610475 0.998033 -0.0142527 88.718 -0.99801 0.0612597 0.0149631 -6.04861 0.0158068 0.0133109 0.999786 0.592933
0.0556825 0.998341 -0.0146684 88.7494 -0.998311 0.0559129 0.0157876 -6.61126 0.0165816 0.0137645 0.999768 0.604859
0.049325 0.998666 -0.0152708 88.7703 -0.998636 0.0495738 0.016368 -7.19818 0.0171032 0.0144426 0.999749 0.611555
0.0450116 0.99884 -0.017105 88.7987 -0.998836 0.0452951 0.0165582 -7.80049 0.0173137 0.0163398 0.999717 0.622278
0.0420225 0.998949 -0.018318 88.8284 -0.998971 0.0423226 0.016319 -8.41962 0.0170772 0.0176134 0.999699 0.634081
0.0391027 0.999052 -0.0191508 88.8561 -0.999098 0.0394075 0.0158041 -9.06489 0.0165438 0.0185155 0.999692 0.650819
0.0367248 0.99912 -0.0202347 88.8737 -0.999193 0.0370423 0.0155437 -9.71326 0.0162795 0.0196476 0.999674 0.654
0.0356809 0.999075 -0.0240076 88.8938 -0.999236 0.0360497 0.0151113 -10.3971 0.0159627 0.0234501 0.999598 0.669403
0.03664 0.998963 -0.0270138 88.9098 -0.999208 0.0370419 0.0145318 -11.0993 0.0155173 0.0264599 0.999529 0.682803
0.0391812 0.9988 -0.0293951 88.9367 -0.999112 0.0396155 0.0143371 -11.8029 0.0154844 0.0288072 0.999465 0.699389
0.0428582 0.998622 -0.0302803 88.9598 -0.998958 0.0433098 0.0144181 -12.5247 0.0157097 0.0296308 0.999437 0.710243
0.0471798 0.998398 -0.0312224 88.9966 -0.998765 0.0476379 0.014096 -13.266 0.0155608 0.0305188 0.999413 0.724301
0.0508388 0.998164 -0.0329191 89.0289 -0.998605 0.0512765 0.0125933 -14.0347 0.0142581 0.032233 0.999379 0.736361
0.0550948 0.997933 -0.0330703 89.0828 -0.998397 0.0554895 0.0111387 -14.8191 0.0129508 0.0324036 0.999391 0.750579
0.0592822 0.997786 -0.0301357 89.1401 -0.998179 0.0595894 0.00939796 -15.6196 0.0111729 0.0295236 0.999502 0.76288
0.0632776 0.997579 -0.028856 89.1875 -0.997946 0.0635371 0.00816736 -16.4089 0.00998101 0.0282799 0.99955 0.774661
0.0673057 0.997359 -0.0272981 89.2477 -0.997679 0.0675611 0.00854 -17.2159 0.0103617 0.0266599 0.999591 0.792585
0.0706832 0.997177 -0.0253406 89.3097 -0.997401 0.0710092 0.0122007 -18.0239 0.0139657 0.0244123 0.999604 0.814804
0.0721566 0.997121 -0.0233194 89.3839 -0.997214 0.0725676 0.0172889 -18.8331 0.0189314 0.0220069 0.999579 0.829031
0.0722805 0.997208 -0.018779 89.4556 -0.997148 0.0726604 0.0204032 -19.6425 0.0217107 0.0172506 0.999615 0.848605
0.0727589 0.997227 -0.0156201 89.5297 -0.997122 0.073068 0.0202281 -20.4706 0.0213133 0.0141034 0.999673 0.865903
0.0730276 0.997247 -0.0128533 89.5962 -0.997137 0.0732612 0.0187492 -21.2858 0.0196392 0.0114473 0.999742 0.892927
0.072659 0.99726 -0.013931 89.6654 -0.997193 0.0728934 0.0171326 -22.1081 0.0181011 0.0126471 0.999756 0.914115
0.0729528 0.997265 -0.0118579 89.7312 -0.997183 0.0731444 0.0166196 -22.9313 0.0174415 0.0106121 0.999792 0.93688
0.0733012 0.997258 -0.0101368 89.8 -0.99716 0.0734629 0.016619 -23.7513 0.0173181 0.00888986 0.999811 0.960451
0.0732172 0.99728 -0.00841556 89.8635 -0.99716 0.0733524 0.0170706 -24.577 0.0176415 0.0071418 0.999819 0.985272
0.072226 0.997378 -0.00441821 89.9356 -0.997216 0.0722951 0.0182539 -25.3923 0.0185254 0.0030875 0.999824 1.01127
0.0695158 0.997578 -0.00218525 90.0039 -0.997418 0.0695439 0.0179254 -26.2045 0.0180339 0.000933515 0.999837 1.03843
0.066079 0.997813 0.00183167 90.0689 -0.997678 0.0660394 0.0166836 -27.0211 0.0165262 -0.00292986 0.999859 1.05485
0.0613067 0.998113 0.00333362 90.1309 -0.998022 0.0612538 0.0141492 -27.8321 0.0139183 -0.00419447 0.999894 1.08093
0.0553703 0.99845 0.00560318 90.1897 -0.998391 0.0552966 0.0125547 -28.6491 0.0122254 -0.00628932 0.999905 1.10125
0.047702 0.998851 0.00465249 90.2397 -0.998788 0.0476416 0.0123239 -29.4634 0.012088 -0.00523472 0.999913 1.12371
0.0386122 0.999243 0.00472639 90.2785 -0.999171 0.0385478 0.0130578 -30.2809 0.0128657 -0.00522666 0.999904 1.14466
0.0288672 0.99957 0.00514261 90.3064 -0.999502 0.0287989 0.0129019 -31.0893 0.0127482 -0.00551249 0.999904 1.16148
0.0185157 0.99982 0.00411801 90.3211 -0.999754 0.0184639 0.0122944 -31.8824 0.0122161 -0.00434464 0.999916 1.18206
0.00774288 0.999957 0.00516711 90.334 -0.999908 0.00768471 0.0111879 -32.6825 0.0111477 -0.00525326 0.999924 1.20618
-0.00368619 0.999983 0.00446801 90.3293 -0.999941 -0.00373173 0.0102276 -33.4692 0.0102441 -0.00443004 0.999938 1.21873
-0.0144012 0.999887 0.00419688 90.3201 -0.999839 -0.0144453 0.0106814 -34.2686 0.0107408 -0.00404237 0.999934 1.24175
-0.0253237 0.999672 0.00374404 90.3074 -0.99962 -0.0253628 0.0108057 -35.0499 0.0108972 -0.00346898 0.999935 1.26252
-0.0361623 0.999336 0.00448845 90.2812 -0.999274 -0.036213 0.0118143 -35.8298 0.0119689 -0.00405796 0.99992 1.28122
-0.0461928 0.998927 0.00348171 90.2464 -0.998852 -0.0462329 0.0125013 -36.6036 0.0126489 -0.00290025 0.999916 1.3019
-0.0561347 0.998419 0.00279074 90.2109 -0.998337 -0.0561664 0.0130044 -37.3612 0.0131406 -0.0020561 0.999912 1.319
-0.0654279 0.997852 0.00314559 90.1669 -0.997766 -0.0654641 0.0132835 -38.1164 0.0134609 -0.00226945 0.999907 1.3382
-0.0747775 0.997197 0.00257398 90.1151 -0.997108 -0.0748054 0.0134236 -38.8679 0.0135785 -0.00156276 0.999907 1.3586
-0.0833194 0.996522 0.00137273 90.0508 -0.996438 -0.0833303 0.0129151 -39.6079 0.0129846 -0.000291762 0.999916 1.38112
-0.0907154 0.995876 0.00136951 89.9807 -0.995809 -0.0907252 0.0115776 -40.3605 0.0116541 -0.000313496 0.999932 1.39854
-0.0958303 0.995397 -0.00124107 89.9137 -0.995347 -0.0958129 0.0101685 -41.0759 0.0100028 0.00220974 0.999948 1.41884
-0.0998764 0.994995 -0.00313696 89.8409 -0.994968 -0.0998472 0.00837206 -41.7963 0.00801694 0.00395735 0.99996 1.43649
-0.102771 0.994692 -0.00507794 89.7695 -0.994682 -0.102733 0.00730592 -42.512 0.00674546 0.00580178 0.99996 1.44996
-0.104658 0.994481 -0.00736016 89.6958 -0.994492 -0.104612 0.00641376 -43.1945 0.0056084 0.00799088 0.999952 1.46737
-0.105134 0.994435 -0.00677365 89.6282 -0.99444 -0.105088 0.00674455 -43.8743 0.00599519 0.00744506 0.999954 1.47836
-0.104157 0.994531 -0.00771876 89.5534 -0.994537 -0.104098 0.00768182 -44.5349 0.00683629 0.00847672 0.999941 1.49229
-0.100979 0.994849 -0.00885548 89.4895 -0.994855 -0.100899 0.0090583 -45.1798 0.00811813 0.00972462 0.99992 1.50709
-0.0960101 0.995336 -0.00938464 89.429 -0.995341 -0.0959185 0.0097693 -45.7978 0.00882357 0.0102789 0.999908 1.51961
-0.0880585 0.99608 -0.0083728 89.3698 -0.99607 -0.0879711 0.0102914 -46.4138 0.00951445 0.00924613 0.999912 1.53474
-0.0770464 0.99701 -0.00592785 89.3352 -0.996978 -0.0769817 0.0104631 -47.007 0.00997547 0.00671607 0.999928 1.54835
-0.0632941 0.997981 -0.00528866 89.3046 -0.997939 -0.0632337 0.0108765 -47.5812 0.0105201 0.00596617 0.999927 1.5669
-0.045993 0.998928 -0.00525406 89.2829 -0.998868 -0.0459251 0.0123684 -48.1369 0.0121138 0.00581697 0.99991 1.57867
-0.0251206 0.999673 -0.00482958 89.2866 -0.99957 -0.0250446 0.0152222 -48.682 0.0150963 0.00520989 0.999872 1.59518
-0.000585437 0.999995 -0.00301065 89.2992 -0.999835 -0.000530601 0.0181511 -49.226 0.0181494 0.00302078 0.999831 1.61292
0.0273527 0.999625 -0.00149249 89.3302 -0.999425 0.0273771 0.0199927 -49.7584 0.0200261 0.000944774 0.999799 1.6293
0.0601637 0.998189 -0.000164092 89.3879 -0.997986 0.0601549 0.0201507 -50.2971 0.0201241 -0.00104858 0.999797 1.64142
0.0979596 0.99519 -0.000224151 89.461 -0.995014 0.0979465 0.0188149 -50.8305 0.0187463 -0.00162007 0.999823 1.64749
0.139546 0.990215 0.000406349 89.5671 -0.990096 0.139523 0.0155853 -51.3491 0.0153761 -0.0025772 0.999878 1.66
0.184482 0.982832 0.00290442 89.6974 -0.982771 0.184435 0.012039 -51.864 0.0112966 -0.00507535 0.999923 1.6713
0.232322 0.972615 0.00684558 89.8569 -0.972612 0.232257 0.00908066 -52.3668 0.00724205 -0.00876773 0.999935 1.69408
0.283221 0.959004 0.00985371 90.043 -0.959044 0.283156 0.0075555 -52.8618 0.00445562 -0.01159 0.999923 1.70938
0.337107 0.941411 0.0102146 90.2521 -0.941459 0.337042 0.00755605 -53.3296 0.00367059 -0.0121638 0.999919 1.70746
0.394472 0.91888 0.00714152 90.4821 -0.918897 0.394417 0.00801032 -53.7814 0.00454379 -0.00972216 0.999942 1.72255
0.45402 0.890985 0.00350302 90.733 -0.890957 0.453964 0.0105529 -54.2175 0.00781223 -0.00791226 0.999938 1.74242
0.51306 0.858351 -0.00153404 91.0099 -0.858257 0.513028 0.0140494 -54.6129 0.0128463 -0.00589158 0.9999 1.75954
0.571138 0.820851 -0.00194306 91.3158 -0.820693 0.571072 0.0184233 -54.9947 0.0162324 -0.00892762 0.999828 1.77437
0.626679 0.779271 -0.00303687 91.6527 -0.779047 0.626584 0.0218685 -55.3412 0.0189443 -0.0113387 0.999756 1.77498
0.67947 0.733681 -0.00564811 91.994 -0.733403 0.679393 0.0233635 -55.6668 0.0209787 -0.0117325 0.999711 1.77309
0.728543 0.684962 -0.0072069 92.3544 -0.684689 0.72849 0.0224414 -55.9752 0.0206216 -0.011415 0.999722 1.77755
0.773815 0.633397 -0.00429794 92.7326 -0.633217 0.773727 0.0195522 -56.2578 0.0157097 -0.0124083 0.9998 1.79523
0.815138 0.579266 -0.00059942 93.1333 -0.579192 0.81505 0.0152035 -56.5034 0.00929545 -0.0120458 0.999884 1.79529
0.85162 0.52414 0.00459666 93.5551 -0.524153 0.851533 0.0124616 -56.7196 0.00261744 -0.0130219 0.999912 1.81473
0.882635 0.469964 0.00940421 93.971 -0.470046 0.882583 0.010258 -56.9134 -0.00347909 -0.0134745 0.999903 1.80931
0.908185 0.418287 0.0153657 94.3978 -0.418447 0.908195 0.00917243 -57.0808 -0.0101184 -0.01476 0.99984 1.82811
0.928414 0.371058 0.0190523 94.8308 -0.371294 0.928453 0.0107748 -57.2274 -0.0136911 -0.0170775 0.99976 1.84246
0.943638 0.330171 0.0231105 95.2681 -0.330559 0.943657 0.0155476 -57.3426 -0.0166751 -0.0223107 0.999612 1.84027
0.955388 0.294491 0.0225511 95.718 -0.294932 0.955317 0.0196175 -57.4581 -0.0157663 -0.0253934 0.999553 1.83828
0.964447 0.263454 0.0208249 96.1772 -0.263892 0.964297 0.0221662 -57.5558 -0.0142416 -0.0268737 0.999537 1.80693
0.970208 0.241505 0.0192761 96.639 -0.241844 0.970153 0.0177468 -57.6665 -0.0144149 -0.0218799 0.999657 1.80329
0.974006 0.225734 0.0188692 97.1102 -0.226026 0.974005 0.0150428 -57.7693 -0.0149831 -0.0189167 0.999709 1.80484
0.976869 0.212947 0.0195102 97.6052 -0.2133 0.976816 0.018239 -57.8557 -0.0151739 -0.0219787 0.999643 1.81144
0.978829 0.203622 0.0207743 98.1183 -0.204087 0.978671 0.0235018 -57.9382 -0.0155458 -0.027244 0.999508 1.80183
0.980072 0.197554 0.020776 98.638 -0.198131 0.97969 0.0308333 -58.0201 -0.0142628 -0.0343353 0.999309 1.79828
0.980679 0.194795 0.0179915 99.1593 -0.195337 0.980068 0.0361912 -58.1011 -0.010583 -0.0390064 0.999183 1.78958
0.980806 0.194365 0.0155467 99.7017 -0.194828 0.980096 0.0381218 -58.1954 -0.00782775 -0.040419 0.999152 1.78112
0.980327 0.19705 0.0114326 100.247 -0.197334 0.979714 0.0349201 -58.305 -0.00431966 -0.0364892 0.999325 1.77734
0.979526 0.201257 0.00487631 100.807 -0.201307 0.978966 0.0331886 -58.423 0.00190571 -0.0334907 0.999437 1.78391
0.978665 0.205462 0.00103715 101.381 -0.205367 0.978031 0.0357834 -58.5486 0.00633777 -0.0352329 0.999359 1.78684
0.977707 0.20995 0.00312715 101.957 -0.209896 0.976835 0.0416752 -58.65 0.00569498 -0.0414025 0.999126 1.79024
0.976487 0.215438 0.00771518 102.561 -0.215565 0.97544 0.0452667 -58.7721 0.00222648 -0.0458655 0.998945 1.78502
0.975457 0.219886 0.0115717 103.175 -0.220182 0.974527 0.0426183 -58.9092 -0.00190574 -0.0441201 0.999024 1.78374
0.974485 0.22384 0.0165978 103.799 -0.224338 0.973696 0.0398609 -59.0579 -0.0072387 -0.0425674 0.999067 1.77781
0.973614 0.227232 0.0210363 104.44 -0.227889 0.972969 0.0373888 -59.2062 -0.0119717 -0.0411962 0.999079 1.77723
0.97295 0.230126 0.0202373 105.081 -0.230684 0.972506 0.0318815 -59.3616 -0.0123441 -0.0356876 0.999287 1.77152
0.972853 0.230841 0.0164025 105.726 -0.23123 0.972491 0.0281688 -59.524 -0.00944881 -0.0311968 0.999469 1.76244
0.973046 0.230423 0.00933654 106.391 -0.230593 0.972688 0.0265531 -59.6808 -0.00296308 -0.0279904 0.999604 1.76873
0.973277 0.229611 0.00326437 107.046 -0.229605 0.972824 0.0299188 -59.8327 0.00369404 -0.0298688 0.999547 1.77133
0.973831 0.227274 0.00046679 107.73 -0.227161 0.973278 0.0335813 -59.9832 0.00717785 -0.0328086 0.999436 1.78358
0.974408 0.224732 0.00499151 108.427 -0.224766 0.973757 0.0357428 -60.1375 0.00317205 -0.03595 0.999349 1.77456
0.974729 0.223092 0.0115516 109.15 -0.223357 0.974175 0.0330845 -60.3051 -0.00387244 -0.0348285 0.999386 1.77571
0.975268 0.220362 0.0170924 109.876 -0.22081 0.974809 0.0314622 -60.4627 -0.00972873 -0.0344583 0.999359 1.78056
0.975662 0.218632 0.0168242 110.605 -0.219084 0.975155 0.0327725 -60.6154 -0.00924109 -0.0356608 0.999321 1.78262
0.976196 0.216463 0.0136247 111.348 -0.216834 0.975452 0.0384197 -60.7682 -0.00497378 -0.0404595 0.999169 1.78223
0.97706 0.212808 0.00815757 112.098 -0.212964 0.976279 0.0390535 -60.9295 0.000346844 -0.0398949 0.999204 1.78088
0.97792 0.208907 0.00546298 112.861 -0.208959 0.977135 0.0392875 -61.0951 0.00286935 -0.0395615 0.999213 1.78329
0.978713 0.205144 0.00611115 113.641 -0.205228 0.977992 0.0375865 -61.2559 0.00173397 -0.0380405 0.999275 1.77996
0.97943 0.201655 0.00724043 114.449 -0.201784 0.978852 0.033637 -61.4216 -0.000304244 -0.0344061 0.999408 1.78914
0.979887 0.199323 0.00955677 115.248 -0.199533 0.979336 0.0329761 -61.5886 -0.00278639 -0.0342197 0.99941 1.79006
0.980137 0.198008 0.0111217 116.047 -0.198255 0.979713 0.02927 -61.7559 -0.00510042 -0.0308935 0.99951 1.78808
0.980227 0.197519 0.0119022 116.857 -0.197766 0.979919 0.0254267 -61.9225 -0.00664092 -0.0272777 0.999606 1.79399
0.980274 0.197178 0.013524 117.679 -0.197468 0.979985 0.025228 -62.0818 -0.00827893 -0.0274009 0.99959 1.79438
0.980217 0.19751 0.0128638 118.5 -0.197807 0.97982 0.0287281 -62.2382 -0.00693014 -0.0307043 0.999505 1.79937
0.9801 0.198219 0.0106683 119.323 -0.198471 0.979527 0.033722 -62.3859 -0.00376552 -0.0351683 0.999374 1.79662
0.979944 0.198954 0.0113042 120.162 -0.19926 0.978994 0.0431999 -62.5402 -0.00247191 -0.0445859 0.999003 1.80071
0.97936 0.201672 0.0134895 120.998 -0.202098 0.978093 0.0499038 -62.6965 -0.00312983 -0.0516 0.998663 1.80531
0.978745 0.204506 0.0153707 121.842 -0.205039 0.977332 0.0527352 -62.862 -0.0042376 -0.0547658 0.99849 1.79917
0.978209 0.207108 0.0145995 122.694 -0.207594 0.976802 0.0525645 -63.0355 -0.0033743 -0.0544499 0.998511 1.8038
0.977798 0.209191 0.0122292 123.532 -0.209543 0.976527 0.0498625 -63.202 -0.00151137 -0.051318 0.998681 1.80701
0.977521 0.210537 0.0112374 124.376 -0.210829 0.976539 0.0438581 -63.3902 -0.00173996 -0.0452414 0.998975 1.80725
0.977443 0.210975 0.00968496 125.212 -0.211192 0.976718 0.0376674 -63.5817 -0.00151258 -0.0388632 0.999243 1.81837
0.977279 0.211757 0.00919505 126.058 -0.211952 0.976623 0.035822 -63.7693 -0.00139455 -0.036957 0.999316 1.84288
0.976965 0.213038 0.0124157 126.908 -0.213364 0.976211 0.0385679 -63.9497 -0.00390389 -0.0403285 0.999179 1.84725
0.976638 0.214052 0.0189755 127.761 -0.214668 0.975837 0.0407466 -64.1249 -0.00979512 -0.0438681 0.998989 1.84595
0.976367 0.214861 0.0232615 128.611 -0.215703 0.975495 0.043384 -64.2955 -0.01337 -0.0473763 0.998788 1.83797
0.976184 0.216312 0.0165238 129.431 -0.216832 0.975282 0.0425229 -64.4754 -0.00691711 -0.045093 0.998959 1.82605
0.976194 0.216897 0.00121283 130.245 -0.216778 0.975438 0.0391002 -64.6596 0.00729767 -0.0384322 0.999235 1.82471
0.976205 0.21675 -0.00659153 131.064 -0.216373 0.975621 0.0366934 -64.8411 0.0143841 -0.0343941 0.999305 1.86239
0.976428 0.215831 0.00215324 131.903 -0.21577 0.9758 0.0354595 -65.0306 0.00555213 -0.0350883 0.999369 1.87595
0.976498 0.214471 0.0213021 132.757 -0.215045 0.976147 0.0298714 -65.2126 -0.0143875 -0.0337502 0.999327 1.87484
0.976432 0.213005 0.0347684 133.589 -0.213873 0.97658 0.023461 -65.4041 -0.0289568 -0.0303441 0.99912 1.86822
0.976824 0.212068 0.0290088 134.399 -0.212783 0.976799 0.0242523 -65.5748 -0.0231926 -0.0298628 0.999285 1.85897
0.977333 0.211156 0.0152799 135.21 -0.211549 0.976849 0.0318152 -65.7328 -0.00820819 -0.0343265 0.999377 1.86648
0.977668 0.210017 0.00759908 136.018 -0.210154 0.977023 0.0355235 -65.9038 3.60524e-05 -0.0363272 0.99934 1.84623
0.978037 0.208317 0.00689348 136.828 -0.208431 0.977452 0.0338187 -66.0737 0.00030698 -0.0345128 0.999404 1.86237
0.978587 0.205655 0.00862479 137.653 -0.205829 0.978041 0.0327111 -66.2438 -0.0017082 -0.0337859 0.999428 1.88408
0.97937 0.201947 0.00726955 138.465 -0.202076 0.978873 0.0311797 -66.4059 -0.000819331 -0.0320055 0.999487 1.89434
0.980272 0.197557 0.00611651 139.283 -0.197651 0.979737 0.0323849 -66.5615 0.00040528 -0.032955 0.999457 1.8986
0.980959 0.19411 0.00638757 140.086 -0.194214 0.980312 0.0356199 -66.7185 0.000652379 -0.0361822 0.999345 1.91483
0.981428 0.1917 0.00704887 140.889 -0.191827 0.980574 0.0409589 -66.8564 0.000939874 -0.0415504 0.999136 1.91893
0.981712 0.190139 0.00937975 141.694 -0.190368 0.980755 0.0433458 -67.0061 -0.000957516 -0.0443387 0.999016 1.9234
0.981951 0.188674 0.0131943 142.5 -0.189072 0.981036 0.0426667 -67.1627 -0.004894 -0.0443912 0.999002 1.92105
0.982224 0.187233 0.0134164 143.304 -0.187633 0.981382 0.0410305 -67.3137 -0.00548436 -0.0428185 0.999068 1.93094
0.982714 0.184861 0.00998946 144.114 -0.185112 0.981955 0.038714 -67.4593 -0.00265246 -0.039894 0.9992 1.93962
0.983525 0.180678 0.0058273 144.916 -0.180771 0.982888 0.0353875 -67.6081 0.000666144 -0.0358579 0.999357 1.94789
0.984669 0.174375 0.00441528 145.72 -0.174425 0.984115 0.0330814 -67.7414 0.00142343 -0.0333444 0.999443 1.9576
0.985806 0.167664 0.00870004 146.507 -0.167864 0.985238 0.0335848 -67.8789 -0.00294064 -0.0345685 0.999398 1.95209
0.986736 0.161561 0.0158303 147.309 -0.161989 0.986302 0.0310969 -68.0085 -0.0105894 -0.0332487 0.999391 1.95225
0.98724 0.157237 0.0251828 148.115 -0.157973 0.986971 0.0305264 -68.1408 -0.0200549 -0.0341151 0.999217 1.95829
0.987787 0.153091 0.0289663 148.916 -0.154026 0.987503 0.0333699 -68.2532 -0.0234957 -0.037424 0.999023 1.96137
0.988582 0.148671 0.0245555 149.721 -0.149455 0.988185 0.0339673 -68.3676 -0.0192154 -0.0372494 0.999121 1.95205
0.989739 0.142092 0.0150438 150.526 -0.142525 0.989231 0.0332949 -68.4649 -0.0101509 -0.0350974 0.999332 1.95618
0.990733 0.135546 0.00871421 151.308 -0.135753 0.990256 0.0310344 -68.5782 -0.00442273 -0.0319298 0.99948 1.94998
0.991598 0.129016 0.00937752 152.125 -0.12926 0.991048 0.0334052 -68.6848 -0.00498378 -0.0343367 0.999398 1.94769
0.992557 0.121105 0.0127833 152.947 -0.121523 0.991797 0.0396297 -68.7685 -0.00787904 -0.0408883 0.999133 1.94824
0.993499 0.113248 0.0115662 153.772 -0.113648 0.992571 0.0434326 -68.8463 -0.00656165 -0.0444647 0.998989 1.94816
0.994608 0.103478 0.00682234 154.585 -0.103682 0.993555 0.0458193 -68.918 -0.00203708 -0.0462797 0.998926 1.9485
0.995471 0.094986 0.00383342 155.408 -0.095062 0.994442 0.045268 -69.0008 0.00048771 -0.0454274 0.998968 1.95436
0.9962 0.0868998 0.00576537 156.238 -0.0870722 0.995171 0.0453005 -69.0607 -0.00180093 -0.0456304 0.998957 1.95989
0.996825 0.0787404 0.0118506 157.073 -0.0792187 0.995722 0.0475606 -69.1148 -0.00805496 -0.0483484 0.998798 1.95016
0.997367 0.07037 0.0175526 157.911 -0.0711632 0.996229 0.0496325 -69.1602 -0.0139937 -0.0507509 0.998613 1.95336
0.997838 0.0624224 0.0205386 158.735 -0.0633802 0.996743 0.0498663 -69.2075 -0.017359 -0.0510602 0.998545 1.94459
0.998187 0.0559333 0.0222255 159.565 -0.0569788 0.997143 0.049582 -69.2501 -0.0193887 -0.0507585 0.998523 1.93894
0.998454 0.0515003 0.0209331 160.381 -0.0524792 0.997406 0.0492694 -69.2957 -0.0183415 -0.0502917 0.998566 1.9375
0.998756 0.0470746 0.0164219 161.213 -0.0478845 0.997445 0.0530126 -69.3153 -0.0138844 -0.053733 0.998459 1.94521
0.999014 0.0432259 0.0100988 162.032 -0.043744 0.997331 0.0584626 -69.3352 -0.00754473 -0.0588467 0.998239 1.94062
0.999164 0.0402262 0.00734837 162.854 -0.0406006 0.997307 0.061078 -69.3624 -0.00487165 -0.0613252 0.998106 1.93077
0.999233 0.0370568 0.0126833 163.692 -0.0377839 0.997303 0.0629242 -69.385 -0.0103173 -0.0633551 0.997938 1.93194
0.999174 0.0343011 0.021796 164.53 -0.0356685 0.997195 0.0657999 -69.4068 -0.0194779 -0.066523 0.997595 1.91387
0.999101 0.0306656 0.0292676 165.375 -0.0325629 0.99724 0.066716 -69.4257 -0.027141 -0.0676091 0.997343 1.90947
0.999322 0.0260265 0.0260566 166.178 -0.0275594 0.997799 0.0603104 -69.4578 -0.0244296 -0.0609876 0.99784 1.88878
0.999632 0.0213122 0.0167926 167.006 -0.022117 0.99854 0.0492919 -69.4805 -0.0157175 -0.0496451 0.998643 1.89219
0.999824 0.0148121 0.0115242 167.815 -0.0153333 0.998799 0.0465347 -69.4957 -0.0108211 -0.0467032 0.99885 1.89039
0.999893 0.00750217 0.0125963 168.644 -0.00818015 0.998471 0.0546645 -69.4904 -0.012167 -0.0547616 0.998425 1.88467
0.999845 -0.0005715 0.0175738 169.484 -0.000365251 0.998581 0.0532545 -69.4809 -0.0175793 -0.0532527 0.998426 1.86523
0.999749 -0.00747867 0.0211083 170.322 0.00645703 0.998824 0.0480599 -69.4822 -0.0214429 -0.0479116 0.998621 1.86453
0.999602 -0.0137182 0.0246329 171.162 0.0127122 0.999097 0.0405418 -69.4798 -0.0251669 -0.0402125 0.998874 1.83765
0.999495 -0.0195714 0.0250497 171.999 0.0187121 0.999244 0.03409 -69.4739 -0.025698 -0.033604 0.999105 1.83993
0.999476 -0.0257361 0.0196187 172.837 0.0252186 0.999339 0.0261819 -69.4543 -0.0202795 -0.0256734 0.999465 1.851
0.999409 -0.0329283 0.00981673 173.656 0.0327547 0.999313 0.0173472 -69.4292 -0.0103812 -0.0170154 0.999801 1.83887
0.999205 -0.0393954 0.00611009 174.498 0.0393107 0.999137 0.013423 -69.4208 -0.00663362 -0.0131721 0.999891 1.83329
0.998863 -0.0461016 0.0121597 175.344 0.0458481 0.998741 0.0203666 -69.3712 -0.0130834 -0.019786 0.999719 1.82488
0.998406 -0.0511558 0.0238251 176.193 0.0504371 0.998281 0.0298469 -69.3091 -0.025311 -0.0285977 0.99927 1.8071
0.997934 -0.0560272 0.0314564 177.05 0.0549674 0.997923 0.0336027 -69.2465 -0.0332737 -0.0318042 0.99894 1.79746
0.997787 -0.0593561 0.0299581 177.889 0.058505 0.997879 0.0285312 -69.1949 -0.0315881 -0.0267154 0.999144 1.78885
0.99789 -0.0615693 0.0206009 178.738 0.0609609 0.99772 0.0289591 -69.1429 -0.0223369 -0.0276421 0.999368 1.79975
0.997879 -0.0642207 0.0106132 179.566 0.0637813 0.997257 0.0375456 -69.0603 -0.0129953 -0.036789 0.999239 1.78925
0.997794 -0.0660634 0.00653826 180.412 0.0657575 0.997062 0.0392834 -68.9983 -0.00911425 -0.0387668 0.999207 1.7715
0.997615 -0.068222 0.0104817 181.276 0.0678019 0.997041 0.0362361 -68.9413 -0.0129227 -0.035439 0.999288 1.75895
0.997485 -0.0684573 0.0183385 182.127 0.0677786 0.997073 0.0353753 -68.8871 -0.0207065 -0.0340434 0.999206 1.7366
0.997333 -0.0689379 0.0239727 182.983 0.0680194 0.996989 0.0372232 -68.8236 -0.0264666 -0.0354934 0.999019 1.72364
0.997229 -0.0704021 0.0240285 183.831 0.0695709 0.997003 0.0338316 -68.7563 -0.0263383 -0.0320662 0.999139 1.72098
0.997274 -0.0720025 0.0161294 184.678 0.0715531 0.997074 0.0268965 -68.6944 -0.0180188 -0.0256691 0.999508 1.71207
0.997256 -0.0738084 0.00568 185.52 0.0736944 0.997115 0.0181789 -68.6506 -0.00700537 -0.0177105 0.999819 1.7118
0.997132 -0.0756543 0.00205232 186.365 0.0756255 0.997068 0.0116333 -68.5908 -0.00292641 -0.0114447 0.99993 1.71303
0.997032 -0.0767796 0.00560903 187.229 0.0766544 0.996859 0.0198834 -68.5161 -0.00711805 -0.0193944 0.999787 1.71043
0.996843 -0.0780291 0.0146798 188.095 0.0776367 0.996652 0.0256316 -68.4423 -0.0166307 -0.024411 0.999564 1.69153
0.996637 -0.0797211 0.0189419 188.944 0.0792453 0.99655 0.0246691 -68.3706 -0.0208432 -0.0230851 0.999516 1.69613
0.996626 -0.0804697 0.0161556 189.778 0.0800963 0.996532 0.0225643 -68.2985 -0.0179153 -0.0211941 0.999615 1.69688
0.996731 -0.0800707 0.010779 190.608 0.0798299 0.996584 0.0211698 -68.2274 -0.0124372 -0.0202401 0.999718 1.70523
0.996703 -0.0806241 0.00908035 191.448 0.0803133 0.996301 0.030548 -68.1392 -0.0115097 -0.029718 0.999492 1.69232
0.996647 -0.0809812 0.0116834 192.283 0.0805304 0.99614 0.0349372 -68.0678 -0.0144675 -0.0338792 0.999321 1.68634
0.996544 -0.0818237 0.0143207 193.124 0.0811973 0.995899 0.0399067 -67.9837 -0.0175273 -0.038606 0.999101 1.68117
0.996499 -0.0819919 0.0163514 193.955 0.0811954 0.995702 0.0445478 -67.9116 -0.0199336 -0.0430641 0.998873 1.67097
0.99645 -0.0825967 0.0162876 194.785 0.0818104 0.99567 0.0441432 -67.8304 -0.0198631 -0.042654 0.998892 1.66488
0.996455 -0.0830959 0.0131606 195.605 0.0824715 0.995689 0.0424405 -67.7636 -0.0166305 -0.0412047 0.999012 1.66816
0.996417 -0.0841702 0.0082324 196.421 0.0837432 0.995562 0.0429394 -67.6856 -0.0118101 -0.0420962 0.999044 1.66814
0.99631 -0.0853936 0.00863586 197.23 0.0849067 0.995313 0.0463014 -67.6109 -0.0125492 -0.0453973 0.99889 1.6727
0.996019 -0.0875005 0.0170074 198.048 0.0865962 0.99508 0.0481287 -67.5349 -0.021135 -0.0464643 0.998696 1.65367
0.99567 -0.0892207 0.0260811 198.835 0.0879836 0.995093 0.0452541 -67.4725 -0.0299908 -0.0427634 0.998635 1.65022
